#' Full list of palettes
#'
#' \code{names(cb_palettes)} returns the names of all palettes.
#'
#' @export
cb_palettes <- list(
  cb_seq_red = c(
    "#FFC0CB", "#F0ABB4", "#E2969E",
    "#D38188", "#C46D72", "#B6585C",
    "#A84346", "#992E30", "#8B1A1A"
      ),
  cb_seq_yellow = c(
    "#FFFFE0", "#F8F2C7", "#F2E6AF",
    "#ECD996", "#E6CD7E", "#DFC066",
    "#D9B34D", "#D3A735", "#CD9B1D"
      ),
  cb_seq_blue = c(
    "#BFEFFF", "#A7D1EF", "#8FB3DF",
    "#7795CF", "#5F77BF", "#4759AF",
    "#2F3B9F", "#171D8F", "#000080"
      ),
  cb_seq_lavender = c(
    "#FFE1FF", "#F0D4F0", "#E2C7E2",
    "#D3BAD3", "#C4AEC4", "#B6A1B6",
    "#A894A8", "#998799", "#8B7B8B"
    ),
  cb_seq_orange = c(
    "#F4CC6B", "#E6BB5D", "#D9AA50",
    "#CC9942", "#BF8835", "#B27728",
    "#A5661A", "#98550D", "#8B4500"
    ),
  cb_seq_green = c(
    "#C0FF3E", "#B2EC3C", "#A5DA3A",
    "#97C738", "#8AB436", "#7DA234",
    "#6F9032", "#627D30", "#556B2F"
    ),
  cb_seq_khaki = c(
    "#FFDEAD", "#F0D1A3", "#E2C499",
    "#D3B88F", "#C4AB85", "#B69E7B",
    "#A89271", "#AA8567", "#A2795E"
    ),
  cb_div_redblue = c(
    "#B22222", "#DD595C", "#EE8C93",
    "#FFC0CB", "#FAFAFA", "#BFEFFF",
    "#84B9D8", "#4A83B1", "#104E8B"
    ),
  cb_div_redgreen = c(
    "#B22222", "#DD595C", "#EE8C93",
    "#FFC0CB", "#FAFAFA", "#98FB98",
    "#65D565", "#32B032", "#008B00"
    ),
  cb_div_purpleyellow = c(
    "#551A8B", "#8D5CB1", "#C69ED8",
    "#FFE1FF", "#FAFAFA", "#FFFFE0",
    "#FFEAA1", "#FFD563", "#FFC125"
    ),
  cb_okabeito = c(
    "#000000", "#E69F00", "#56B4E9",
    "#009E73", "#F5C710", "#0072B2",
    "#D55E00", "#CC79A7", "#999999"
    ),
  cb_friendly = c(
    "#202020", "#FFCB33", "#104E8B",
    "#90BB90", "#A52A2A", "#E0E0E0",
    "#CCAAEE", "#99DDDA", "#FFDEAD")
)

#' CB red
#' @export
cb_red <- "#B22222"

#' CB darkblue
#' @export
cb_darkblue <- "#104E8B"

#' CB gold
#' @export
cb_gold <- "#FFC125"

#' CB pink
#' @export
cb_pink <- "#FFC0CB"

#' CB green
#' @export
cb_green <- "#32CD32"

#' CB khaki
#' @export
cb_khaki <- "#8B795E"

#' CB eggwhite
#' @export
cb_eggwhite <- "#EEE8CD"

#' CB offwhite
#' @export
cb_offwhite <- "#F4F4F4"
